o
v -2 0 2 
v -2 0 1 
v -2 0 0 
v -2 0 -1
v -2 0 -2 
v -1 0 2 
v -1 0 1 
v -1 0 0 
v -1 0 -1
v -1 0 -2
v 0 0 2 
v 0 0 1 
v 0 0 0 
v 0 0 -1
v 0 0 -2
v 1 0 2 
v 1 0 1 
v 1 0 0 
v 1 0 -1
v 1 0 -2
v 2 0 2 
v 2 0 1 
v 2 0 0 
v 2 0 -1
v 2 0 -2

f 1 1 2 
f 1 1 6 
f 2 2 7 
f 2 2 3 
f 3 3 4 
f 3 3 8
f 4 4 5 
f 4 4 9 
f 5 5 10 
f 6 6 7 
f 6 6 11 
f 7 7 8 
f 7 7 12 
f 8 8 9 
f 8 8 13
f 9 9 10 
f 9 9 14
f 10 10 15
f 11 11 12 
f 11 11 16
f 12 12 13 
f 12 12 17 
f 13 13 14 
f 13 13 18 
f 14 14 15 
f 14 14 19 
f 15 15 20
f 16 16 17 
f 16 16 21 
f 17 17 18 
f 17 17 22 
f 18 18 19 
f 18 18 23 
f 19 19 20 
f 19 19 24 
f 20 20 25
f 21 21 22 
f 22 22 23 
f 23 23 24
f 24 24 25